Point(x=13.2386841323363, y=52.3371646058284, projection=Projection(wkt=GEOGCS["WGS 84",     DATUM["WGS_1984",         SPHEROID["WGS 84",6378137,298.257223563,             AUTHORITY["EPSG","7030"]],         AUTHORITY["EPSG","6326"]],     PRIMEM["Greenwich",0,         AUTHORITY["EPSG","8901"]],     UNIT["degree",0.0174532925199433,         AUTHORITY["EPSG","9122"]],     AUTHORITY["EPSG","4326"]]))
Extent(xmin=13.2278856406175, xmax=13.3853943478683, ymin=52.3371646058284, ymax=52.6088601693197, projection=Projection(wkt=GEOGCS["WGS 84",     DATUM["WGS_1984",         SPHEROID["WGS 84",6378137,298.257223563,             AUTHORITY["EPSG","7030"]],         AUTHORITY["EPSG","6326"]],     PRIMEM["Greenwich",0,         AUTHORITY["EPSG","8901"]],     UNIT["degree",0.0174532925199433,         AUTHORITY["EPSG","9122"]],     AUTHORITY["EPSG","4326"]]))
Geometry(wkt='POLYGON ((13.2278856406175 52.6067433457319,13.3754943200545 52.6088601693197,13.3853943478683 52.3392610398176,13.2386841323363 52.3371646058284,13.2278856406175 52.6067433457319))', projection=Projection(wkt=GEOGCS["WGS 84",     DATUM["WGS_1984",         SPHEROID["WGS 84",6378137,298.257223563,             AUTHORITY["EPSG","7030"]],         AUTHORITY["EPSG","6326"]],     PRIMEM["Greenwich",0,         AUTHORITY["EPSG","8901"]],     UNIT["degree",0.0174532925199433,         AUTHORITY["EPSG","9122"]],     AUTHORITY["EPSG","4326"]]))
